[Project]
NumberOfPicturePairs=1
ProjectType=DublePoints
[Pair1]
Image1=Image3aL.bmp
Image2=Image3aR.bmp
NumberOfPoints=30
[Points1]
LX0=213
LY0=53
LX1=217
LY1=90
LX2=181
LY2=105
LX3=117
LY3=171
LX4=306
LY4=198
LX5=268
LY5=200
LX6=37
LY6=77
LX7=101
LY7=187
LX8=294
LY8=157
LX9=273
LY9=132
LX10=274
LY10=104
LX11=186
LY11=166
LX12=202
LY12=194
LX13=169
LY13=196
LX14=276
LY14=199
LX15=179
LY15=156
LX16=175
LY16=113
LX17=122
LY17=160
LX18=118
LY18=118
LX19=69
LY19=73
LX20=42
LY20=137
LX21=52
LY21=91
LX22=58
LY22=92
LX23=74
LY23=135
LX24=78
LY24=70
LX25=112
LY25=112
LX26=247
LY26=53
LX27=264
LY27=65
LX28=272
LY28=67
LX29=251
LY29=94
RX0=199
RY0=31
RX1=200
RY1=79
RX2=131
RY2=84
RX3=40
RY3=166
RX4=285
RY4=221
RX5=204
RY5=211
RX6=11
RY6=67
RX7=6
RY7=178
RX8=272
RY8=155
RX9=267
RY9=132
RX10=265
RY10=89
RX11=130
RY11=167
RX12=76
RY12=197
RX13=121
RY13=198
RX14=235
RY14=220
RX15=122
RY15=152
RX16=124
RY16=94
RX17=48
RY17=152
RX18=51
RY18=95
RX19=41
RY19=62
RX20=8
RY20=136
RX21=22
RY21=83
RX22=28
RY22=84
RX23=38
RY23=135
RX24=50
RY24=59
RX25=44
RY25=88
RX26=241
RY26=29
RX27=263
RY27=44
RX28=274
RY28=46
RX29=243
RY29=84
[FundMatrix]
F[0][0]=0.000054
F[0][1]=-0.000292
F[0][2]=0.086641
F[1][0]=0.000260
F[1][1]=-0.000008
F[1][2]=-0.155251
F[2][0]=-0.093726
F[2][1]=0.138629
F[2][2]=1.000000
