Camera Matrix:
M[0.0]=         286.2791138M[0.1]=           0.0000000M[0.2]=         156.6844177
M[1.0]=           0.0000000M[1.1]=         287.7630615M[1.2]=         130.9805145
M[2.0]=           0.0000000M[2.1]=           0.0000000M[2.2]=           1.0000000


Distortion:
D[0]=-0.416691
D[1]=0.250142
D[2]=-0.000386
D[3]=-0.001894
