[Project]
NumberOfPicturePairs=1
ProjectType=DublePoints
[Pair1]
Image1=truck_d2_1a.bmp
Image2=truck_d2_1b.bmp
NumberOfPoints=26
[Points1]
LX0=174
LY0=17
LX1=103
LY1=153
LX2=156
LY2=133
LX3=223
LY3=43
LX4=287
LY4=242
LX5=63
LY5=120
LX6=48
LY6=211
RX0=133
RY0=15
RX1=124
RY1=153
RX2=184
RY2=130
RX3=213
RY3=39
RX4=306
RY4=227
RX5=72
RY5=121
RX6=52
RY6=218
LX7=301
LY7=231
LX8=178
LY8=132
LX9=203
LY9=154
LX10=83
LY10=128
LX11=83
LY11=137
LX12=104
LY12=130
LX13=105
LY13=139
LX14=133
LY14=158
RX7=314
RY7=217
RX8=205
RY8=127
RX9=233
RY9=146
RX10=99
RY10=128
RX11=99
RY11=138
RX12=126
RY12=130
RX13=125
RY13=140
RX14=160
RY14=156
LX15=198
LY15=44
LX16=170
LY16=80
LX17=262
LY17=74
RX15=190
RY15=40
RX16=170
RY16=77
RX17=259
RY17=69
LX18=286
LY18=17
LX19=96
LY19=37
LX20=330
LY20=38
LX21=331
LY21=127
LX22=279
LY22=74
LX23=130
LY23=79
LX24=73
LY24=154
LX25=174
LY25=169
RX18=245
RY18=15
RX19=72
RY19=34
RX20=357
RY20=33
RX21=342
RY21=114
RX22=261
RY22=66
RX23=123
RY23=76
RX24=87
RY24=155
RX25=204
RY25=164
[FundMatrix]
F[0][0]=0.000007
F[0][1]=-0.000011
F[0][2]=-0.008021
F[1][0]=0.000045
F[1][1]=0.000005
F[1][2]=-0.069480
F[2][0]=0.003658
F[2][1]=0.059409
F[2][2]=1.000000
